A: 5.000000x^8 +6.000000x^7 +5.000000x^5 +3.000000x^4 +2.000000x^1 +1.000000x^0 
B: 1.000000x^3 
please input x0
Sum: 5.000000x^8 +6.000000x^7 +5.000000x^5 +3.000000x^4 +1.000000x^3 +2.000000x^1 +1.000000x^0 
Sub: 5.000000x^8 +6.000000x^7 +5.000000x^5 +3.000000x^4 -1.000000x^3 +2.000000x^1 +1.000000x^0 
Mul: 5.000000x^11 +6.000000x^10 +5.000000x^8 +3.000000x^7 +2.000000x^4 +1.000000x^3 
Quotient: 5.000000x^5 +6.000000x^4 +5.000000x^2 +3.000000x^1 
Remainder: 2.000000x^1 +1.000000x^0 